iso_code,continent,location,date,total_cases,new_cases,new_cases_smoothed,total_deaths,new_deaths,new_deaths_smoothed,total_cases_per_million,new_cases_per_million,new_cases_smoothed_per_million,total_deaths_per_million,new_deaths_per_million,new_deaths_smoothed_per_million,reproduction_rate,icu_patients,icu_patients_per_million,hosp_patients,hosp_patients_per_million,weekly_icu_admissions,weekly_icu_admissions_per_million,weekly_hosp_admissions,weekly_hosp_admissions_per_million,total_tests,new_tests,total_tests_per_thousand,new_tests_per_thousand,new_tests_smoothed,new_tests_smoothed_per_thousand,positive_rate,tests_per_case,tests_units,total_vaccinations,people_vaccinated,people_fully_vaccinated,total_boosters,new_vaccinations,new_vaccinations_smoothed,total_vaccinations_per_hundred,people_vaccinated_per_hundred,people_fully_vaccinated_per_hundred,total_boosters_per_hundred,new_vaccinations_smoothed_per_million,new_people_vaccinated_smoothed,new_people_vaccinated_smoothed_per_hundred,stringency_index,population_density,median_age,aged_65_older,aged_70_older,gdp_per_capita,extreme_poverty,cardiovasc_death_rate,diabetes_prevalence,female_smokers,male_smokers,handwashing_facilities,hospital_beds_per_thousand,life_expectancy,human_development_index,population,excess_mortality_cumulative_absolute,excess_mortality_cumulative,excess_mortality,excess_mortality_cumulative_per_million
AFG,Asia,Afghanistan,2020-01-03,,0.0,,,0.0,,,0.0,,,0.0,,,,,,,,,,,,,,,,,,,,,,,,,,,,,,,,,,54.422,18.6,2.581,1.337,1803.987,,597.029,9.59,,,37.746,0.5,64.83,0.511,41128772.0,,,,
AFG,Asia,Afghanistan,2020-01-04,,0.0,,,0.0,,,0.0,,,0.0,,,,,,,,,,,,,,,,,,,,,,,,,,,,,,,,,,54.422,18.6,2.581,1.337,1803.987,,597.029,9.59,,,37.746,0.5,64.83,0.511,41128772.0,,,,
AFG,Asia,Afghanistan,2020-01-05,,0.0,,,0.0,,,0.0,,,0.0,,,,,,,,,,,,,,,,,,,,,,,,,,,,,,,,,,54.422,18.6,2.581,1.337,1803.987,,597.029,9.59,,,37.746,0.5,64.83,0.511,41128772.0,,,,
AFG,Asia,Afghanistan,2020-01-06,,0.0,,,0.0,,,0.0,,,0.0,,,,,,,,,,,,,,,,,,,,,,,,,,,,,,,,,,54.422,18.6,2.581,1.337,1803.987,,597.029,9.59,,,37.746,0.5,64.83,0.511,41128772.0,,,,
BHS,North America,Bahamas,2022-03-09,33180.0,4.0,4.857,771.0,0.0,0.0,80929.001,9.756,11.847,1880.538,0.0,0.0,0.71,,,,,,,,,223187.0,178.0,547.153,0.436,302.0,0.74,0.0142,70.5,tests performed,331157.0,164099.0,155124.0,23368.0,,260.0,80.77,40.03,37.84,5.7,634.0,74.0,0.018,62.96,39.497,34.3,8.996,5.2,27717.847,,235.954,13.17,3.1,20.4,,2.9,73.92,0.814,409989.0,,,,
BHS,North America,Bahamas,2022-03-17,33209.0,3.0,3.429,777.0,4.0,0.857,80999.734,7.317,8.363,1895.173,9.756,2.091,0.82,,,,,,,,,,,,,213.0,0.522,0.0121,82.8,tests performed,,,,,,196.0,,,,,478.0,59.0,0.014,62.96,39.497,34.3,8.996,5.2,27717.847,,235.954,13.17,3.1,20.4,,2.9,73.92,0.814,409989.0,,,,
BHS,North America,Bahamas,2022-03-18,33211.0,2.0,3.286,786.0,9.0,2.143,81004.612,4.878,8.014,1917.125,21.952,5.227,0.84,,,,,,,,,,,,,215.0,0.527,0.0133,75.3,tests performed,,,,,,193.0,,,,,471.0,57.0,0.014,62.96,39.497,34.3,8.996,5.2,27717.847,,235.954,13.17,3.1,20.4,,2.9,73.92,0.814,409989.0,,,,
BHS,North America,Bahamas,2022-03-29,33254.0,0.0,3.429,788.0,0.0,0.143,81109.493,0.0,8.363,1922.003,0.0,0.348,0.94,,,,,,,,,,,,,206.0,0.505,0.016,62.7,tests performed,,,,,,256.0,,,,,624.0,69.0,0.017,55.56,39.497,34.3,8.996,5.2,27717.847,,235.954,13.17,3.1,20.4,,2.9,73.92,0.814,409989.0,,,,
BHS,North America,Bahamas,2022-03-30,33258.0,4.0,3.286,788.0,0.0,0.143,81119.25,9.756,8.014,1922.003,0.0,0.348,0.95,,,,,,,,,227658.0,,558.114,,210.0,0.515,0.0136,73.5,tests performed,335729.0,165385.0,156615.0,25164.0,,276.0,81.89,40.34,38.2,6.14,673.0,74.0,0.018,55.56,39.497,34.3,8.996,5.2,27717.847,,235.954,13.17,3.1,20.4,,2.9,73.92,0.814,409989.0,,,,
BHS,North America,Bahamas,2022-03-31,33278.0,20.0,5.714,788.0,0.0,0.143,81168.031,48.782,13.938,1922.003,0.0,0.348,0.96,,,,,,,,,228225.0,567.0,559.504,1.39,264.0,0.647,0.0222,45.1,tests performed,,,,,,274.0,,,,,668.0,73.0,0.018,55.56,39.497,34.3,8.996,5.2,27717.847,,235.954,13.17,3.1,20.4,,2.9,73.92,0.814,409989.0,,,,
BHS,North America,Bahamas,2022-04-01,33283.0,5.0,5.857,788.0,0.0,0.0,81180.227,12.195,14.286,1922.003,0.0,0.0,0.98,,,,,,,,,,,,,247.0,0.606,0.0283,35.3,tests performed,,,,,,272.0,,,,,663.0,71.0,0.017,55.56,39.497,34.3,8.996,5.2,27717.847,,235.954,13.17,3.1,20.4,,2.9,73.92,0.814,409989.0,,,,
DOM,North America,Dominican Republic,2023-02-12,660468.0,19.0,15.429,4384.0,0.0,0.0,58818.998,1.692,1.374,390.424,0.0,0.0,,,,,,,,,,,,,,,,,,,,,,,,1102.0,,,,,98.0,168.0,0.001,,222.873,27.6,6.981,4.419,14600.861,1.6,266.653,8.2,8.5,19.1,55.182,1.6,74.08,0.756,11228821.0,,,,
DOM,North America,Dominican Republic,2023-02-13,660485.0,17.0,15.429,4384.0,0.0,0.0,58820.512,1.514,1.374,390.424,0.0,0.0,,,,,,,,,,,,,,,,,,,,,,,,1078.0,,,,,96.0,165.0,0.001,,222.873,27.6,6.981,4.419,14600.861,1.6,266.653,8.2,8.5,19.1,55.182,1.6,74.08,0.756,11228821.0,,,,
DOM,North America,Dominican Republic,2023-02-14,660485.0,0.0,14.429,4384.0,0.0,0.0,58820.512,0.0,1.285,390.424,0.0,0.0,,,,,,,,,,,,,,,,,,,16226683.0,7308361.0,6080935.0,2531346.0,,1053.0,144.51,65.09,54.15,22.54,94.0,162.0,0.001,,222.873,27.6,6.981,4.419,14600.861,1.6,266.653,8.2,8.5,19.1,55.182,1.6,74.08,0.756,11228821.0,,,,
DOM,North America,Dominican Republic,2023-02-15,660514.0,29.0,16.857,4384.0,0.0,0.0,58823.095,2.583,1.501,390.424,0.0,0.0,,,,,,,,,,,,,,,,,,,,,,,,1068.0,,,,,95.0,167.0,0.001,,222.873,27.6,6.981,4.419,14600.861,1.6,266.653,8.2,8.5,19.1,55.182,1.6,74.08,0.756,11228821.0,,,,
DOM,North America,Dominican Republic,2023-02-16,660533.0,19.0,17.286,4384.0,0.0,0.0,58824.787,1.692,1.539,390.424,0.0,0.0,,,,,,,,,,,,,,,,,,,16229237.0,7308793.0,6081386.0,2532181.0,,1082.0,144.53,65.09,54.16,22.55,96.0,173.0,0.002,,222.873,27.6,6.981,4.419,14600.861,1.6,266.653,8.2,8.5,19.1,55.182,1.6,74.08,0.756,11228821.0,,,,
MRT,Africa,Mauritania,2022-02-08,58490.0,32.0,35.286,969.0,2.0,2.286,12349.704,6.757,7.45,204.597,0.422,0.483,0.21,,,,,,,,,850870.0,,184.372,,2435.0,0.528,0.0123,81.2,tests performed,,,,,,1866.0,,,,,394.0,2270.0,0.048,50.09,4.289,20.3,3.138,1.792,3597.633,6.0,232.347,2.42,,,15.95,,64.92,0.546,4736146.0,,,,
MRT,Africa,Mauritania,2022-02-09,58508.0,18.0,30.0,969.0,0.0,1.857,12353.504,3.801,6.334,204.597,0.0,0.392,0.21,,,,,,,,,,,,,2340.0,0.507,0.0117,85.3,tests performed,,,,,,1866.0,,,,,394.0,2112.0,0.045,50.09,4.289,20.3,3.138,1.792,3597.633,6.0,232.347,2.42,,,15.95,,64.92,0.546,4736146.0,,,,
MRT,Africa,Mauritania,2022-02-10,58527.0,19.0,27.429,971.0,2.0,1.714,12357.516,4.012,5.791,205.019,0.422,0.362,0.2,,,,,,,,,855121.0,,185.293,,2245.0,0.486,0.0102,97.6,tests performed,,,,,,1866.0,,,,,394.0,1955.0,0.041,50.09,4.289,20.3,3.138,1.792,3597.633,6.0,232.347,2.42,,,15.95,,64.92,0.546,4736146.0,,,,
FSM,Oceania,Micronesia (country),2021-01-11,,0.0,0.0,,0.0,0.0,,0.0,0.0,,0.0,0.0,,,,,,,,,,,,,,,,,,,,,,,,,,,,,,,,,150.777,23.0,4.81,2.392,3299.464,16.0,454.343,12.02,,,,,67.88,0.62,114178.0,,,,
FSM,Oceania,Micronesia (country),2021-01-12,,0.0,0.0,,0.0,0.0,,0.0,0.0,,0.0,0.0,,,,,,,,,,,,,,,,,,,,,,,,,,,,,,,,,150.777,23.0,4.81,2.392,3299.464,16.0,454.343,12.02,,,,,67.88,0.62,114178.0,,,,
FSM,Oceania,Micronesia (country),2021-01-13,,0.0,0.0,,0.0,0.0,,0.0,0.0,,0.0,0.0,,,,,,,,,,,,,,,,,,,,,,,,,,,,,,,,,150.777,23.0,4.81,2.392,3299.464,16.0,454.343,12.02,,,,,67.88,0.62,114178.0,,,,
FSM,Oceania,Micronesia (country),2021-01-14,,0.0,0.0,,0.0,0.0,,0.0,0.0,,0.0,0.0,,,,,,,,,,,,,,,,,,,,,,,,,,,,,,,,,150.777,23.0,4.81,2.392,3299.464,16.0,454.343,12.02,,,,,67.88,0.62,114178.0,,,,
FSM,Oceania,Micronesia (country),2021-01-15,,0.0,0.0,,0.0,0.0,,0.0,0.0,,0.0,0.0,,,,,,,,,,,,,,,,,,,,,,,,,,,,,,,,,150.777,23.0,4.81,2.392,3299.464,16.0,454.343,12.02,,,,,67.88,0.62,114178.0,,,,
MDA,Europe,Moldova,2021-07-23,258365.0,128.0,85.571,6784.0,4.0,2.429,78938.452,39.108,26.145,2072.721,1.222,0.742,1.21,,,,,,,,,,5959.0,,1.946,4884.0,1.595,0.0188,53.3,tests performed,,,,,,13056.0,,,,,3989.0,1370.0,0.042,54.63,123.655,37.6,10.864,6.955,5189.972,0.2,408.502,5.72,5.9,44.6,86.979,5.8,71.9,0.75,3272993.0,,,,
MDA,Europe,Moldova,2021-07-24,258484.0,119.0,91.714,6788.0,4.0,2.571,78974.81,36.358,28.022,2073.943,1.222,0.786,1.22,,,,,,,,,,5202.0,,1.699,4850.0,1.584,0.02,50.1,tests performed,951807.0,514771.0,437036.0,,,12830.0,29.08,15.73,13.35,,3920.0,1657.0,0.051,54.63,123.655,37.6,10.864,6.955,5189.972,0.2,408.502,5.72,5.9,44.6,86.979,5.8,71.9,0.75,3272993.0,,,,
MDA,Europe,Moldova,2021-07-25,258581.0,97.0,96.857,6790.0,2.0,2.571,79004.446,29.636,29.593,2074.554,0.611,0.786,1.22,,,,,,,,,,2737.0,,0.894,4872.0,1.591,0.0199,50.3,tests performed,955799.0,517392.0,438407.0,,3992.0,11236.0,29.2,15.81,13.39,,3433.0,2013.0,0.062,54.63,123.655,37.6,10.864,6.955,5189.972,0.2,408.502,5.72,5.9,44.6,86.979,5.8,71.9,0.75,3272993.0,,,,
MDA,Europe,Moldova,2021-07-26,258624.0,43.0,96.857,6792.0,2.0,2.571,79017.584,13.138,29.593,2075.165,0.611,0.786,1.23,,,,,,,,,,3838.0,,1.254,4884.0,1.595,0.0207,48.4,tests performed,973797.0,524906.0,448891.0,,17998.0,11643.0,29.75,16.04,13.72,,3557.0,3069.0,0.094,54.63,123.655,37.6,10.864,6.955,5189.972,0.2,408.502,5.72,5.9,44.6,86.979,5.8,71.9,0.75,3272993.0,,,,
MDA,Europe,Moldova,2021-07-27,258713.0,89.0,100.857,6793.0,1.0,2.571,79044.776,27.192,30.815,2075.47,0.306,0.786,1.24,,,,,,,,,,6060.0,,1.979,4939.0,1.613,0.0219,45.7,tests performed,992873.0,532962.0,459911.0,,19076.0,13048.0,30.34,16.28,14.05,,3987.0,4082.0,0.125,54.63,123.655,37.6,10.864,6.955,5189.972,0.2,408.502,5.72,5.9,44.6,86.979,5.8,71.9,0.75,3272993.0,,,,
